2025
Latitude 05° 46'.7 S Longitude 35° 12'.4 W Fuso UTC -03.0 horas
DHN 75 Componentes Nível Médio 1.29 m Carta 811

Janeiro
HORA ALT(m) HORA ALT(m)
01
QUA
0532 2.11
1114 0.37
1742 2.32
2344 0.20
17
SEX
0025 0.27
0655 2.07
1234 0.45
1904 2.21
02
QUI
0612 2.12
1157 0.38
1821 2.32
18
SÁB
0101 0.38
0731 2.01
1308 0.54
1942 2.12
03
SEX
0025 0.23
0657 2.12
1240 0.42
1906 2.30
19
DOM
0138 0.51
0804 1.94
1346 0.65
2017 2.00
04
SÁB
0110 0.30
0742 2.09
1325 0.49
1955 2.25
20
SEG
0217 0.64
0847 1.87
1427 0.77
2101 1.88
05
DOM
0159 0.40
0831 2.04
1414 0.57
2047 2.17
21
TER
0304 0.75
0936 1.80
1519 0.87
2155 1.76
06
SEG
0253 0.50
0925 1.99
1512 0.64
2147 2.07
22
QUA
0402 0.85
1032 1.74
1631 0.94
2304 1.67
07
TER
0353 0.59
1027 1.94
1619 0.69
2257 1.99
23
QUI
0512 0.89
1142 1.72
1801 0.92
08
QUA
0501 0.64
1138 1.93
1738 0.68
24
SEX
0029 1.65
0625 0.87
1255 1.76
1912 0.82
09
QUI
0016 1.95
0614 0.65
1253 1.97
1859 0.59
25
SÁB
0138 1.71
0727 0.79
1357 1.86
2008 0.67
10
SEX
0131 1.96
0721 0.60
1401 2.05
2004 0.46
26
DOM
0231 1.81
0816 0.68
1446 1.99
2055 0.50
11
SÁB
0236 2.01
0821 0.52
1501 2.15
2101 0.32
27
SEG
0316 1.93
0901 0.55
1527 2.14
2134 0.34
12
DOM
0332 2.07
0912 0.44
1551 2.24
2151 0.21
28
TER
0359 2.06
0942 0.42
1606 2.28
2212 0.19
13
SEG
0421 2.11
0957 0.38
1634 2.30
2232 0.15
29
QUA
0440 2.18
1021 0.30
1649 2.41
2249 0.09
14
TER
0504 2.14
1040 0.34
1714 2.32
2312 0.14
30
QUI
0517 2.26
1101 0.22
1729 2.49
2329 0.04
15
QUA
0546 2.13
1119 0.34
1753 2.32
2351 0.19
31
SEX
0559 2.31
1142 0.18
1808 2.52
16
QUI
0619 2.11
1157 0.38
1829 2.28

Fevereiro
HORA ALT(m) HORA ALT(m)
01
SÁB
0006 0.05
0638 2.30
1221 0.20
1853 2.48
17
SEG
0053 0.43
0719 2.02
1304 0.53
1934 2.03
02
DOM
0047 0.14
0717 2.24
1304 0.28
1936 2.37
18
TER
0127 0.56
0753 1.93
1342 0.66
2006 1.89
03
SEG
0132 0.28
0802 2.15
1351 0.40
2019 2.21
19
QUA
0204 0.70
0832 1.83
1427 0.79
2051 1.74
04
TER
0219 0.45
0851 2.02
1444 0.54
2112 2.02
20
QUI
0255 0.84
0923 1.73
1527 0.91
2151 1.61
05
QUA
0314 0.62
0949 1.90
1551 0.68
2223 1.84
21
SEX
0404 0.95
1032 1.67
1704 0.95
2334 1.55
06
QUI
0423 0.76
1106 1.83
1721 0.75
22
SÁB
0542 0.98
1202 1.68
1842 0.88
07
SEX
0001 1.76
0555 0.81
1238 1.84
1857 0.68
23
DOM
0104 1.63
0701 0.89
1321 1.80
1946 0.72
08
SÁB
0131 1.80
0719 0.75
1357 1.95
2008 0.54
24
SEG
0206 1.79
0757 0.74
1419 1.98
2031 0.52
09
DOM
0238 1.91
0819 0.64
1457 2.10
2101 0.39
25
TER
0257 1.97
0842 0.56
1506 2.18
2110 0.31
10
SEG
0329 2.02
0908 0.51
1546 2.23
2142 0.27
26
QUA
0338 2.15
0921 0.37
1549 2.38
2149 0.13
11
TER
0410 2.12
0947 0.40
1623 2.32
2217 0.19
27
QUI
0416 2.30
0959 0.20
1629 2.53
2225 -0.01
12
QUA
0449 2.18
1023 0.33
1659 2.37
2251 0.16
28
SEX
0457 2.41
1038 0.07
1708 2.63
2302 -0.07
13
QUI
0521 2.20
1057 0.30
1732 2.37
2321 0.18
14
SEX
0553 2.19
1131 0.31
1802 2.33
2353 0.24
15
SÁB
0623 2.15
1201 0.36
1834 2.26
16
DOM
0021 0.33
0651 2.10
1232 0.43
1902 2.16

Março
HORA ALT(m) HORA ALT(m)
01
SÁB
0534 2.45
1117 0.01
1751 2.64
2342 -0.05
17
SEG
0614 2.15
1159 0.38
1832 2.13
02
DOM
0612 2.42
1159 0.04
1832 2.55
18
TER
0014 0.42
0642 2.07
1229 0.47
1859 2.01
03
SEG
0021 0.06
0653 2.33
1242 0.14
1914 2.39
19
QUA
0046 0.54
0710 1.98
1304 0.59
1931 1.88
04
TER
0104 0.25
0736 2.19
1329 0.31
2001 2.16
20
QUI
0117 0.69
0747 1.88
1349 0.73
2008 1.75
05
QUA
0153 0.47
0821 2.02
1423 0.51
2055 1.92
21
SEX
0201 0.84
0834 1.78
1447 0.86
2106 1.63
06
QUI
0249 0.70
0923 1.87
1534 0.70
2210 1.72
22
SÁB
0310 0.98
0942 1.70
1617 0.94
2242 1.57
07
SEX
0406 0.88
1049 1.77
1721 0.79
23
DOM
0501 1.03
1116 1.71
1759 0.88
08
SÁB
0001 1.67
0553 0.92
1231 1.81
1857 0.72
24
SEG
0027 1.67
0629 0.94
1244 1.84
1906 0.73
09
DOM
0129 1.76
0716 0.83
1349 1.94
1959 0.59
25
TER
0136 1.85
0727 0.76
1347 2.04
1959 0.52
10
SEG
0227 1.91
0810 0.69
1444 2.10
2046 0.46
26
QUA
0223 2.06
0812 0.55
1438 2.26
2040 0.31
11
TER
0310 2.05
0853 0.55
1525 2.23
2119 0.35
27
QUI
0306 2.25
0853 0.33
1521 2.46
2119 0.12
12
QUA
0349 2.16
0925 0.43
1601 2.33
2151 0.27
28
SEX
0349 2.40
0932 0.14
1604 2.60
2157 -0.02
13
QUI
0419 2.23
0959 0.34
1636 2.37
2219 0.23
29
SÁB
0429 2.49
1012 -0.00
1649 2.67
2236 -0.07
14
SEX
0453 2.26
1029 0.30
1704 2.37
2251 0.22
30
DOM
0508 2.51
1053 -0.06
1731 2.63
2316 -0.03
15
SÁB
0521 2.25
1059 0.29
1736 2.32
2317 0.25
31
SEG
0549 2.47
1138 -0.02
1812 2.51
2359 0.11
16
DOM
0549 2.21
1129 0.32
1802 2.24
2347 0.32

Abril
HORA ALT(m) HORA ALT(m)
01
TER
0629 2.36
1223 0.11
1859 2.31
17
QUI
0014 0.58
0644 2.03
1242 0.58
1906 1.88
02
QUA
0044 0.31
0712 2.20
1314 0.30
1947 2.07
18
SEX
0047 0.72
0719 1.95
1325 0.70
1951 1.79
03
QUI
0132 0.55
0804 2.03
1414 0.52
2047 1.85
19
SÁB
0132 0.86
0806 1.87
1425 0.81
2047 1.71
04
SEX
0234 0.78
0912 1.88
1534 0.71
2208 1.70
20
DOM
0244 0.98
0914 1.81
1549 0.88
2210 1.69
05
SÁB
0401 0.94
1042 1.81
1710 0.78
2347 1.70
21
SEG
0425 1.02
1042 1.83
1714 0.84
2344 1.78
06
DOM
0542 0.95
1208 1.86
1834 0.75
22
TER
0547 0.93
1201 1.95
1823 0.70
07
SEG
0102 1.80
0655 0.86
1319 1.97
1932 0.66
23
QUA
0053 1.95
0647 0.75
1306 2.13
1917 0.52
08
TER
0157 1.94
0746 0.74
1410 2.10
2014 0.56
24
QUI
0147 2.14
0738 0.54
1402 2.32
2004 0.33
09
QUA
0238 2.07
0823 0.61
1453 2.21
2049 0.47
25
SEX
0234 2.30
0821 0.33
1453 2.47
2047 0.17
10
QUI
0312 2.17
0857 0.50
1531 2.29
2117 0.39
26
SÁB
0317 2.42
0904 0.15
1540 2.56
2129 0.07
11
SEX
0347 2.24
0927 0.41
1602 2.32
2147 0.33
27
DOM
0401 2.49
0947 0.02
1625 2.58
2210 0.04
12
SÁB
0417 2.27
0959 0.35
1638 2.31
2216 0.31
28
SEG
0444 2.50
1032 -0.02
1710 2.52
2255 0.10
13
DOM
0449 2.26
1029 0.33
1706 2.26
2246 0.32
29
TER
0527 2.44
1121 0.03
1759 2.39
2340 0.23
14
SEG
0516 2.22
1059 0.34
1738 2.18
2312 0.38
30
QUA
0610 2.35
1212 0.15
1847 2.21
15
TER
0544 2.17
1129 0.39
1804 2.08
2344 0.46
16
QUA
0610 2.10
1204 0.47
1834 1.98

Maio
HORA ALT(m) HORA ALT(m)
01
QUI
0025 0.42
0659 2.21
1308 0.33
1940 2.02
17
SÁB
0034 0.73
0704 2.04
1316 0.65
1942 1.88
02
SEX
0119 0.62
0755 2.07
1410 0.51
2042 1.87
18
DOM
0123 0.83
0755 1.99
1414 0.73
2036 1.85
03
SÁB
0225 0.80
0902 1.96
1521 0.67
2153 1.78
19
SEG
0229 0.91
0857 1.97
1519 0.77
2146 1.86
04
DOM
0346 0.92
1014 1.91
1640 0.77
2306 1.78
20
TER
0347 0.93
1006 2.00
1631 0.75
2259 1.92
05
SEG
0506 0.94
1127 1.93
1753 0.78
21
QUA
0501 0.86
1117 2.07
1738 0.67
06
TER
0014 1.85
0616 0.89
1232 1.99
1849 0.74
22
QUI
0006 2.03
0604 0.73
1223 2.18
1836 0.54
07
QUA
0108 1.95
0706 0.81
1327 2.06
1934 0.68
23
SEX
0106 2.16
0701 0.55
1325 2.29
1929 0.41
08
QUI
0153 2.05
0749 0.71
1410 2.13
2008 0.60
24
SÁB
0159 2.28
0751 0.37
1423 2.37
2017 0.30
09
SEX
0232 2.14
0823 0.61
1453 2.18
2044 0.53
25
DOM
0249 2.36
0842 0.22
1516 2.42
2104 0.23
10
SÁB
0306 2.20
0857 0.51
1529 2.20
2112 0.46
26
SEG
0338 2.41
0931 0.12
1606 2.41
2151 0.22
11
DOM
0344 2.23
0929 0.44
1604 2.20
2144 0.43
27
TER
0423 2.42
1021 0.08
1657 2.35
2238 0.26
12
SEG
0414 2.23
1001 0.39
1640 2.16
2214 0.42
28
QUA
0508 2.39
1112 0.11
1747 2.26
2325 0.35
13
TER
0447 2.22
1034 0.38
1710 2.11
2247 0.46
29
QUI
0559 2.33
1204 0.20
1838 2.14
14
QUA
0516 2.18
1110 0.41
1746 2.04
2319 0.52
30
SEX
0016 0.47
0647 2.24
1301 0.33
1929 2.03
15
QUI
0551 2.14
1147 0.47
1816 1.98
2355 0.62
31
SÁB
0108 0.61
0742 2.15
1357 0.48
2019 1.94
16
SEX
0625 2.09
1229 0.55
1857 1.93

Junho
HORA ALT(m) HORA ALT(m)
01
DOM
0204 0.74
0840 2.07
1453 0.62
2114 1.89
17
TER
0208 0.76
0838 2.13
1449 0.63
2112 2.00
02
SEG
0306 0.85
0938 2.01
1555 0.74
2210 1.87
18
QUA
0308 0.78
0938 2.12
1549 0.65
2214 2.00
03
TER
0414 0.91
1036 1.97
1657 0.81
2310 1.88
19
QUI
0414 0.76
1040 2.12
1651 0.64
2319 2.03
04
QUA
0521 0.91
1132 1.96
1755 0.82
20
SEX
0523 0.70
1146 2.13
1755 0.60
05
QUI
0008 1.92
0619 0.87
1229 1.97
1846 0.79
21
SÁB
0027 2.09
0631 0.58
1253 2.16
1857 0.54
06
SEX
0101 1.98
0708 0.80
1323 1.99
1929 0.73
22
DOM
0129 2.17
0732 0.44
1359 2.19
1955 0.46
07
SÁB
0149 2.05
0751 0.71
1410 2.02
2006 0.66
23
SEG
0225 2.24
0829 0.31
1501 2.22
2049 0.40
08
DOM
0231 2.10
0829 0.61
1457 2.04
2042 0.59
24
TER
0319 2.30
0923 0.21
1557 2.23
2142 0.36
09
SEG
0308 2.15
0904 0.52
1536 2.06
2117 0.54
25
QUA
0410 2.34
1016 0.15
1649 2.22
2229 0.35
10
TER
0346 2.18
0942 0.45
1612 2.06
2153 0.51
26
QUI
0459 2.35
1104 0.14
1738 2.19
2316 0.37
11
QUA
0419 2.20
1019 0.41
1651 2.06
2231 0.50
27
SEX
0547 2.34
1155 0.19
1821 2.14
12
QUI
0457 2.21
1059 0.40
1725 2.05
2308 0.53
28
SÁB
0001 0.43
0632 2.29
1240 0.29
1904 2.09
13
SEX
0532 2.20
1138 0.42
1802 2.04
2346 0.58
29
DOM
0047 0.52
0717 2.22
1325 0.42
1949 2.03
14
SÁB
0610 2.19
1221 0.46
1846 2.03
30
SEG
0131 0.63
0802 2.14
1408 0.56
2031 1.97
15
DOM
0029 0.64
0655 2.18
1306 0.52
1929 2.01
16
SEG
0116 0.70
0744 2.15
1353 0.58
2017 2.00

Julho
HORA ALT(m) HORA ALT(m)
01
TER
0217 0.74
0851 2.06
1457 0.69
2112 1.92
17
QUI
0234 0.61
0904 2.14
1506 0.58
2136 2.01
02
QUA
0308 0.83
0940 1.97
1547 0.79
2204 1.88
18
SEX
0336 0.67
1004 2.05
1610 0.66
2240 1.96
03
QUI
0412 0.90
1031 1.90
1646 0.85
2301 1.86
19
SÁB
0449 0.68
1116 1.97
1723 0.70
2355 1.96
04
SEX
0521 0.91
1129 1.85
1747 0.86
20
DOM
0614 0.63
1234 1.95
1840 0.67
05
SÁB
0002 1.87
0629 0.86
1234 1.83
1846 0.83
21
SEG
0110 2.02
0727 0.51
1351 1.98
1949 0.59
06
DOM
0102 1.91
0721 0.78
1334 1.84
1936 0.76
22
TER
0216 2.12
0829 0.37
1457 2.06
2046 0.49
07
SEG
0155 1.97
0808 0.67
1425 1.89
2019 0.69
23
QUA
0312 2.22
0921 0.24
1551 2.13
2136 0.40
08
TER
0240 2.04
0849 0.56
1510 1.95
2101 0.61
24
QUI
0402 2.30
1008 0.16
1640 2.18
2219 0.33
09
QUA
0319 2.11
0929 0.46
1553 2.01
2140 0.53
25
SEX
0449 2.35
1051 0.13
1719 2.19
2301 0.31
10
QUI
0359 2.19
1006 0.37
1631 2.07
2217 0.47
26
SÁB
0531 2.36
1131 0.17
1759 2.18
2340 0.33
11
SEX
0438 2.25
1046 0.31
1708 2.12
2255 0.43
27
DOM
0608 2.33
1208 0.25
1836 2.14
12
SÁB
0516 2.30
1125 0.29
1747 2.16
2334 0.42
28
SEG
0014 0.40
0647 2.26
1246 0.36
1908 2.08
13
DOM
0559 2.33
1204 0.29
1827 2.17
29
TER
0051 0.49
0723 2.16
1321 0.48
1946 2.02
14
SEG
0014 0.44
0642 2.33
1246 0.33
1908 2.16
30
QUA
0127 0.60
0801 2.05
1359 0.61
2021 1.94
15
TER
0055 0.49
0723 2.29
1329 0.40
1955 2.13
31
QUI
0208 0.72
0846 1.92
1440 0.74
2104 1.86
16
QUA
0142 0.55
0812 2.23
1416 0.49
2044 2.07

Agosto
HORA ALT(m) HORA ALT(m)
01
SEX
0301 0.83
0934 1.80
1531 0.84
2201 1.79
17
DOM
0436 0.70
1104 1.78
1710 0.81
2342 1.83
02
SÁB
0414 0.90
1034 1.71
1644 0.91
2304 1.75
18
SEG
0617 0.66
1236 1.78
1844 0.78
03
DOM
0542 0.89
1149 1.67
1804 0.91
19
TER
0108 1.91
0731 0.53
1357 1.88
1951 0.65
04
SEG
0019 1.77
0657 0.81
1302 1.70
1910 0.84
20
QUA
0216 2.06
0827 0.37
1455 2.01
2042 0.51
05
TER
0123 1.85
0751 0.69
1402 1.78
2002 0.74
21
QUI
0308 2.20
0910 0.25
1542 2.12
2123 0.37
06
QUA
0214 1.96
0834 0.55
1453 1.90
2046 0.62
22
SEX
0353 2.31
0951 0.16
1619 2.20
2201 0.28
07
QUI
0259 2.09
0912 0.41
1532 2.02
2125 0.48
23
SÁB
0432 2.36
1025 0.13
1657 2.23
2236 0.23
08
SEX
0340 2.22
0947 0.28
1610 2.13
2201 0.36
24
DOM
0506 2.37
1101 0.15
1729 2.22
2308 0.24
09
SÁB
0417 2.33
1025 0.18
1649 2.23
2236 0.26
25
SEG
0544 2.32
1132 0.21
1801 2.18
2342 0.29
10
DOM
0459 2.42
1101 0.11
1725 2.29
2314 0.21
26
TER
0614 2.24
1202 0.30
1831 2.12
11
SEG
0540 2.46
1140 0.10
1804 2.31
2349 0.20
27
QUA
0010 0.38
0647 2.13
1234 0.42
1901 2.04
12
TER
0619 2.44
1219 0.15
1846 2.27
28
QUI
0042 0.49
0719 1.99
1304 0.54
1934 1.94
13
QUA
0031 0.25
0702 2.37
1259 0.25
1925 2.19
29
SEX
0119 0.61
0757 1.85
1342 0.68
2012 1.84
14
QUI
0116 0.35
0749 2.23
1344 0.40
2010 2.08
30
SÁB
0206 0.74
0842 1.71
1427 0.82
2102 1.74
15
SEX
0206 0.48
0842 2.06
1434 0.57
2104 1.95
31
DOM
0314 0.86
0946 1.60
1538 0.94
2210 1.66
16
SÁB
0310 0.61
0944 1.89
1540 0.73
2212 1.85

Setembro
HORA ALT(m) HORA ALT(m)
01
SEG
0453 0.90
1106 1.56
1727 0.97
2340 1.67
17
QUI
0110 1.91
0725 0.52
1353 1.88
1946 0.66
02
TER
0625 0.83
1234 1.62
1847 0.89
18
QUI
0206 2.07
0812 0.39
1442 2.03
2029 0.50
03
QUA
0055 1.78
0723 0.69
1340 1.75
1942 0.76
19
SEX
0253 2.21
0851 0.29
1517 2.15
2104 0.37
04
QUI
0151 1.94
0806 0.53
1427 1.92
2023 0.59
20
SÁB
0332 2.30
0923 0.21
1555 2.23
2136 0.27
05
SEX
0236 2.11
0846 0.35
1508 2.08
2101 0.41
21
DOM
0406 2.34
0957 0.17
1627 2.26
2208 0.22
06
SÁB
0316 2.28
0921 0.19
1547 2.23
2136 0.24
22
SEG
0442 2.33
1025 0.17
1659 2.25
2238 0.21
07
DOM
0357 2.42
0955 0.05
1623 2.34
2210 0.10
23
TER
0512 2.28
1057 0.21
1727 2.20
2308 0.24
08
SEG
0438 2.52
1032 -0.03
1701 2.40
2247 0.01
24
QUA
0546 2.18
1125 0.29
1755 2.13
2336 0.31
09
TER
0517 2.54
1110 -0.03
1740 2.40
2327 -0.00
25
QUI
0614 2.06
1155 0.39
1823 2.05
10
QUA
0601 2.48
1151 0.04
1817 2.33
26
SEX
0008 0.41
0646 1.93
1223 0.51
1855 1.95
11
QUI
0008 0.08
0644 2.34
1232 0.19
1901 2.21
27
SÁB
0044 0.54
0719 1.79
1259 0.66
1931 1.85
12
SEX
0055 0.23
0731 2.14
1317 0.39
1949 2.05
28
DOM
0127 0.68
0802 1.67
1342 0.81
2016 1.74
13
SÁB
0151 0.42
0823 1.92
1410 0.62
2046 1.89
29
SEG
0232 0.82
0902 1.57
1449 0.96
2123 1.66
14
DOM
0302 0.60
0938 1.74
1525 0.81
2204 1.77
30
TER
0410 0.88
1032 1.54
1642 1.01
2257 1.66
15
SEG
0444 0.70
1114 1.67
1716 0.88
2347 1.78
16
TER
0619 0.64
1246 1.74
1846 0.80

Outubro
HORA ALT(m) HORA ALT(m)
01
QUA
0544 0.83
1201 1.63
1808 0.93
17
SEX
0144 2.08
0749 0.47
1410 2.05
2004 0.55
02
QUI
0017 1.78
0646 0.69
1304 1.79
1906 0.77
18
SÁB
0225 2.18
0823 0.39
1449 2.15
2040 0.44
03
SEX
0117 1.96
0732 0.51
1357 1.98
1951 0.57
19
DOM
0302 2.24
0855 0.32
1523 2.22
2110 0.34
04
SÁB
0206 2.16
0812 0.32
1440 2.16
2031 0.36
20
SEG
0342 2.26
0923 0.27
1557 2.25
2142 0.27
05
DOM
0251 2.34
0849 0.14
1517 2.31
2106 0.16
21
TER
0412 2.25
0953 0.25
1629 2.24
2210 0.24
06
SEG
0334 2.47
0927 0.01
1559 2.41
2144 -0.00
22
QUA
0449 2.19
1023 0.27
1659 2.21
2240 0.25
07
TER
0414 2.54
1004 -0.06
1638 2.45
2223 -0.09
23
QUI
0519 2.10
1053 0.32
1729 2.14
2312 0.30
08
QUA
0459 2.53
1044 -0.05
1716 2.43
2306 -0.08
24
SEX
0551 2.00
1123 0.41
1757 2.07
2346 0.39
09
QUI
0544 2.43
1127 0.05
1759 2.35
2351 0.01
25
SÁB
0621 1.88
1157 0.53
1829 1.98
10
SEX
0629 2.25
1212 0.22
1844 2.21
26
DOM
0021 0.50
0657 1.78
1232 0.67
1904 1.90
11
SÁB
0044 0.18
0717 2.04
1301 0.44
1934 2.05
27
SEG
0106 0.64
0740 1.69
1316 0.81
1949 1.81
12
DOM
0146 0.39
0821 1.84
1401 0.67
2040 1.89
28
TER
0208 0.76
0838 1.62
1419 0.94
2049 1.74
13
SEG
0302 0.58
0944 1.71
1523 0.85
2206 1.81
29
QUA
0331 0.83
0955 1.62
1553 0.99
2214 1.74
14
TER
0104 0.55
0719 1.87
1312 0.71
1934 2.02
30
QUA
0302 0.55
0925 1.93
1521 0.69
2151 2.00
15
TER
0147 0.63
0802 1.82
1401 0.78
2019 1.96
31
QUI
0406 0.68
1025 1.86
1632 0.77
2255 1.88
16
QUA
0236 0.70
0857 1.79
1459 0.83
2114 1.91

Novembro
HORA ALT(m) HORA ALT(m)
01
SÁB
0040 2.01
0651 0.52
1317 2.03
1912 0.58
17
SEG
0236 2.11
0823 0.47
1455 2.15
2046 0.46
02
DOM
0134 2.18
0736 0.34
1404 2.19
1957 0.36
18
TER
0312 2.13
0855 0.41
1529 2.19
2119 0.38
03
SEG
0223 2.33
0817 0.18
1451 2.32
2040 0.16
19
QUA
0351 2.12
0925 0.38
1602 2.20
2151 0.32
04
TER
0308 2.43
0859 0.07
1534 2.41
2123 0.01
20
QUI
0425 2.09
0959 0.37
1636 2.19
2223 0.30
05
QUA
0357 2.47
0940 0.01
1616 2.44
2206 -0.07
21
SEX
0501 2.04
1031 0.40
1706 2.16
2259 0.32
06
QUI
0444 2.43
1025 0.04
1701 2.42
2253 -0.07
22
SÁB
0534 1.97
1106 0.46
1740 2.11
2334 0.37
07
SEX
0531 2.32
1110 0.14
1746 2.35
2344 0.02
23
DOM
0606 1.90
1144 0.55
1812 2.06
08
SÁB
0619 2.17
1201 0.29
1834 2.23
24
SEG
0014 0.46
0644 1.84
1223 0.65
1851 2.00
09
DOM
0038 0.17
0716 2.01
1253 0.48
1929 2.10
25
TER
0059 0.56
0725 1.79
1306 0.75
1932 1.95
10
SEG
0142 0.36
0819 1.87
1355 0.66
2036 1.99
26
QUA
0149 0.66
0816 1.76
1401 0.84
2027 1.90
11
TER
0253 0.52
0929 1.79
1506 0.80
2151 1.92
27
QUI
0253 0.72
0917 1.76
1506 0.89
2134 1.89
12
QUA
0410 0.63
1042 1.78
1631 0.86
2302 1.91
28
SEX
0359 0.72
1027 1.81
1619 0.87
2247 1.93
13
QUI
0525 0.66
1149 1.84
1749 0.83
29
SÁB
0502 0.67
1134 1.90
1731 0.77
2357 2.02
14
SEX
0010 1.96
0625 0.65
1246 1.92
1849 0.75
30
DOM
0604 0.56
1236 2.01
1832 0.61
15
SÁB
0104 2.02
0712 0.60
1334 2.01
1934 0.66
16
DOM
0153 2.07
0751 0.54
1414 2.09
2012 0.56

Dezembro
HORA ALT(m) HORA ALT(m)
01
SEG
0059 2.12
0657 0.43
1332 2.14
1927 0.43
17
QUA
0251 1.96
0832 0.57
1504 2.09
2106 0.49
02
TER
0157 2.23
0747 0.31
1425 2.25
2019 0.24
18
QUI
0331 1.98
0908 0.51
1544 2.13
2142 0.40
03
QUA
0251 2.30
0838 0.22
1514 2.33
2108 0.09
19
SEX
0408 2.00
0944 0.47
1616 2.17
2216 0.34
04
QUI
0344 2.32
0925 0.17
1602 2.39
2159 -0.00
20
SÁB
0446 2.01
1021 0.45
1653 2.18
2251 0.31
05
SEX
0436 2.30
1014 0.17
1651 2.40
2249 -0.02
21
DOM
0519 2.00
1059 0.46
1725 2.19
2327 0.32
06
SÁB
0525 2.24
1102 0.23
1740 2.37
2340 0.03
22
SEG
0555 1.99
1138 0.49
1801 2.18
07
DOM
0617 2.16
1155 0.32
1829 2.31
23
TER
0006 0.36
0631 1.98
1216 0.54
1838 2.16
08
SEG
0032 0.14
0708 2.06
1246 0.43
1921 2.22
24
QUA
0046 0.42
0708 1.96
1255 0.61
1917 2.13
09
TER
0127 0.30
0802 1.97
1338 0.57
2016 2.13
25
QUI
0129 0.50
0753 1.94
1338 0.67
2002 2.08
10
QUA
0223 0.46
0859 1.90
1432 0.70
2112 2.03
26
SEX
0216 0.56
0844 1.92
1429 0.72
2055 2.04
11
QUI
0321 0.60
0955 1.86
1536 0.80
2210 1.96
27
SÁB
0308 0.61
0940 1.91
1527 0.75
2157 1.99
12
SEX
0425 0.70
1051 1.85
1647 0.85
2314 1.91
28
DOM
0408 0.64
1044 1.91
1636 0.74
2308 1.97
13
SÁB
0529 0.75
1149 1.87
1759 0.84
29
SEG
0514 0.62
1151 1.94
1751 0.66
14
DOM
0017 1.89
0625 0.74
1247 1.91
1857 0.78
30
TER
0025 1.99
0623 0.57
1302 2.02
1904 0.52
15
SEG
0114 1.90
0714 0.70
1340 1.97
1947 0.70
31
QUA
0138 2.05
0729 0.49
1406 2.13
2008 0.35
16
TER
0204 1.93
0755 0.63
1423 2.03
2029 0.59
DG6-62 Original
