## Dados de Maré Brutos (cópia do PDF)

---

2025 - Janeiro
01
QUA
0532 2.11
1114 0.37
1742 2.32
2344 0.20
17
SEX
0025 0.27
0655 2.07
1234 0.45
1904 2.21
02
QUI
0612 2.12
1157 0.38
1821 2.32
18
SÁB
0101 0.38
0731 2.01
1308 0.54
1942 2.12
03
SEX
0025 0.23
0657 2.12
1240 0.42
1906 2.30
19
DOM
0138 0.51
0804 1.94
1346 0.65
2017 2.00
04
SÁB
0110 0.30
0742 2.09
1325 0.49
1955 2.25
20
SEG
0217 0.64
0847 1.87
1427 0.77
2101 1.88
05
DOM
0159 0.40
0831 2.04
1414 0.57
2047 2.17
21
TER
0304 0.75
0936 1.80
1519 0.87
2155 1.76
06
SEG
0253 0.50
0925 1.99
1512 0.64
2147 2.07
22
QUA
0402 0.85
1032 1.74
1631 0.94
2304 1.67
07
TER
0353 0.59
1027 1.94
1619 0.69
2257 1.99
23
QUI
0512 0.89
1142 1.72
1801 0.92
08
QUA
0501 0.64
1138 1.93
1738 0.68
24
SEX
0029 1.65
0625 0.87
1255 1.76
1912 0.82
09
QUI
0016 1.95
0614 0.65
1253 1.97
1859 0.59
25
SÁB
0138 1.71
0727 0.79
1357 1.86
2008 0.67
10
SEX
0131 1.96
0721 0.60
1401 2.05
2004 0.46
26
DOM
0231 1.81
0816 0.68
1446 1.99
2055 0.50
11
SÁB
0236 2.01
0821 0.52
1501 2.15
2101 0.32
27
SEG
0316 1.93
0901 0.55
1527 2.14
2134 0.34
12
DOM
0332 2.07
0912 0.44
1551 2.24
2151 0.21
28
TER
0359 2.06
0942 0.42
1606 2.28
2212 0.19
13
SEG
0421 2.11
0957 0.38
1634 2.30
2232 0.15
29
QUA
0440 2.18
1021 0.30
1649 2.41
2249 0.09
14
TER
0504 2.14
1040 0.34
1714 2.32
2312 0.14
30
QUI
0517 2.26
1101 0.22
1729 2.32
2329 0.04
15
QUA
0546 2.13
1119 0.34
1753 2.32
2351 0.19
31
SEX
0559 2.31
1142 0.18
1808 2.52
16
QUI
0619 2.11
1157 0.38
1829 2.28

---

2025 - Fevereiro
... (continua com o mesmo padrão para todos os meses e dias conforme fornecido) 
---

2026 - Janeiro
... (continua com o mesmo padrão para todos os meses e dias conforme fornecido) 
---

(Obs.: O conteúdo completo dos PDFs foi colado aqui para referência. Cada bloco começa com o ano e mês, seguido pelos dias e suas medições de maré no formato "HHMM altura").
